year,district,total_unemployed,unemployed_men,unemployed_women,unemployed_germans,unemployed_foreigners,unemployed_after_SGBII,unemployed_after_SGBIII,unemployed_under_25_years
2005,Altstadt-Ring,146,96,50,118,28,93,53,8
2005,Neuburg,131,68,63,94,37,83,48,8
2005,Herdern-Süd,169,84,85,137,32,93,76,9
2005,Herdern-Nord,139,70,69,113,26,77,62,15
2005,Zähringen,312,163,149,259,51,196,116,18
2005,Brühl-Güterbahnhof,398,213,185,304,93,273,125,24
2005,Brühl-Industriegebiet,65,40,25,49,15,49,16,4
2005,Hochdorf,213,107,106,156,56,138,75,18
2005,Waldsee,156,78,78,127,29,102,54,9
2005,Littenweiler,266,136,130,199,66,183,83,19
2005,Ebnet,71,39,32,66,5,42,29,5
2005,Kappel,69,35,34,57,12,38,31,8
2005,Oberau,276,164,112,233,43,170,106,20
2005,Oberwiehre,199,96,103,162,37,110,89,8
2005,Mittelwiehre,126,67,59,110,15,57,69,4
2005,Unterwiehre-Nord,184,98,86,151,32,107,77,11
2005,Unterwiehre-Süd,390,191,199,269,121,273,117,18
2005,Günterstal,39,22,17,37,2,19,20,0
2005,Stühlinger-Beurbarung,181,99,82,115,66,142,39,12
2005,Stühlinger-Eschholz,341,206,135,261,78,236,105,25
2005,Alt-Stühlinger,626,371,255,438,183,457,169,56
2005,Mooswald-West,111,57,54,86,25,60,51,6
2005,Mooswald-Ost,260,163,97,184,74,202,58,8
2005,Betzenhausen-Bischofslinde,397,198,199,287,110,281,116,28
2005,Alt-Betzenhausen,230,130,100,186,44,148,82,17
2005,Landwasser,347,151,196,275,72,238,109,26
2005,Lehen,67,29,38,55,12,34,33,7
2005,Waltershofen,66,28,38,63,3,36,30,6
2005,Mundenhof,2,1,1,2,0,2,0,0
2005,Haslach-Egerten,367,244,123,284,83,264,103,29
2005,Haslach-Gartenstadt,526,325,201,376,150,395,131,45
2005,Haslach-Schildacker,59,34,25,37,21,44,15,3
2005,Haslach-Haid,223,126,97,178,44,161,62,22
2005,St. Georgen-Nord,310,167,143,250,60,166,144,32
2005,St. Georgen-Süd,128,67,61,115,13,76,52,9
2005,Opfingen,176,83,93,151,25,107,69,12
2005,Tiengen,114,48,66,97,17,67,47,13
2005,Munzingen,106,56,50,92,14,64,42,12
2005,Weingarten,1006,521,485,668,332,806,200,81
2005,Rieselfeld,292,128,164,229,62,187,105,29
2006,Altstadt-Mitte,103,74,29,87,16,84,19,8
2006,Altstadt-Ring,132,77,55,105,27,92,40,8
2006,Neuburg,107,59,48,85,22,71,36,6
2006,Herdern-Süd,144,71,73,120,24,79,65,5
2006,Herdern-Nord,120,58,62,91,29,68,52,7
2006,Zähringen,261,141,120,194,66,165,96,11
2006,Brühl-Güterbahnhof,346,195,151,258,87,249,97,32
2006,Brühl-Industriegebiet,42,31,11,35,7,32,10,3
2006,Hochdorf,170,81,89,122,48,119,51,14
2006,Waldsee,132,53,79,105,27,81,51,6
2006,Littenweiler,208,95,113,163,44,152,56,10
2006,Ebnet,61,32,29,53,8,37,24,4
2006,Kappel,66,33,33,63,3,44,22,5
2006,Oberau,245,157,88,205,40,171,74,14
2006,Oberwiehre,160,79,81,135,25,102,58,6
2006,Mittelwiehre,88,40,48,76,12,51,37,5
2006,Unterwiehre-Nord,163,76,87,128,35,95,68,13
2006,Unterwiehre-Süd,335,169,166,237,98,256,79,20
2006,Günterstal,35,17,18,34,1,20,15,1
2006,Stühlinger-Beurbarung,156,82,74,108,48,121,35,12
2006,Stühlinger-Eschholz,292,170,122,223,68,213,79,17
2006,Alt-Stühlinger,532,324,208,371,158,407,125,32
2006,Mooswald-West,100,48,52,79,21,57,43,11
2006,Mooswald-Ost,240,149,91,183,55,193,47,9
2006,Betzenhausen-Bischofslinde,292,150,142,217,75,216,76,16
2006,Alt-Betzenhausen,197,108,89,160,37,135,62,14
2006,Landwasser,275,131,144,214,61,197,78,24
2006,Lehen,56,28,28,49,7,33,23,5
2006,Waltershofen,53,24,29,49,4,26,27,9
2006,Mundenhof,1,0,1,1,0,1,0,0
2006,Haslach-Egerten,327,219,108,236,91,255,72,27
2006,Haslach-Gartenstadt,468,295,173,339,128,364,104,38
2006,Haslach-Schildacker,59,39,20,41,18,48,11,5
2006,Haslach-Haid,210,114,96,162,48,153,57,20
2006,St. Georgen-Nord,248,127,121,195,53,150,98,24
2006,St. Georgen-Süd,135,66,69,118,17,87,48,6
2006,Opfingen,148,71,77,129,19,87,61,10
2006,Tiengen,96,46,50,75,21,54,42,11
2006,Munzingen,98,50,48,82,16,68,30,10
2006,Weingarten,916,471,445,620,295,779,137,74
2006,Rieselfeld,258,114,144,184,73,179,79,22
2007,Altstadt-Mitte,109,74,35,90,19,69,40,2
2007,Altstadt-Ring,134,76,58,108,26,101,33,5
2007,Neuburg,71,31,40,53,18,46,25,5
2007,Herdern-Süd,121,64,57,98,22,66,55,1
2007,Herdern-Nord,111,55,56,81,30,64,47,5
2007,Zähringen,228,127,101,177,50,145,83,14
2007,Brühl-Güterbahnhof,304,166,138,225,79,237,67,21
2007,Brühl-Industriegebiet,26,18,8,20,6,20,6,1
2007,Hochdorf,164,77,87,116,47,106,58,24
2007,Waldsee,111,54,57,92,19,65,46,1
2007,Littenweiler,200,92,108,154,46,142,58,9
2007,Ebnet,57,29,28,54,3,32,25,5
2007,Kappel,52,26,26,47,5,28,24,1
2007,Oberau,244,167,77,211,32,186,58,18
2007,Oberwiehre,163,81,82,138,25,101,62,7
2007,Mittelwiehre,87,44,43,74,13,45,42,7
2007,Unterwiehre-Nord,128,68,60,113,15,71,57,7
2007,Unterwiehre-Süd,299,153,146,208,91,222,77,27
2007,Günterstal,28,10,18,26,2,14,14,1
2007,Stühlinger-Beurbarung,138,70,68,95,43,115,23,8
2007,Stühlinger-Eschholz,229,141,88,164,64,173,56,14
2007,Alt-Stühlinger,470,283,187,327,141,375,95,43
2007,Mooswald-West,93,47,46,78,15,52,41,11
2007,Mooswald-Ost,241,160,81,173,68,205,36,12
2007,Betzenhausen-Bischofslinde,284,149,135,201,82,210,74,18
2007,Alt-Betzenhausen,177,90,87,143,34,125,52,6
2007,Landwasser,276,140,136,207,69,207,69,23
2007,Lehen,46,28,18,40,6,30,16,0
2007,Waltershofen,27,8,19,26,0,16,11,2
2007,Mundenhof,3,1,2,3,0,2,1,0
2007,Haslach-Egerten,281,183,98,194,87,207,74,18
2007,Haslach-Gartenstadt,409,252,157,306,102,333,76,36
2007,Haslach-Schildacker,54,30,24,38,16,47,7,5
2007,Haslach-Haid,198,111,87,162,36,150,48,13
2007,St. Georgen-Nord,231,119,112,191,39,135,96,19
2007,St. Georgen-Süd,97,37,60,90,7,70,27,2
2007,Opfingen,128,57,71,109,19,85,43,13
2007,Tiengen,75,34,41,61,14,47,28,5
2007,Munzingen,88,47,41,71,17,67,21,2
2007,Weingarten,879,447,432,593,285,770,109,98
2007,Rieselfeld,213,90,123,156,57,153,60,12
2008,Altstadt-Mitte,97,62,35,82,15,57,40,6
2008,Altstadt-Ring,103,64,39,80,23,66,37,1
2008,Neuburg,63,30,33,51,12,39,24,3
2008,Herdern-Süd,103,57,46,83,20,63,40,4
2008,Herdern-Nord,94,42,52,72,21,59,35,6
2008,Zähringen,188,106,82,151,36,120,68,12
2008,Brühl-Güterbahnhof,270,158,112,196,74,190,80,17
2008,Brühl-Industriegebiet,37,25,12,24,13,31,6,4
2008,Hochdorf,122,65,57,89,33,81,41,6
2008,Waldsee,85,32,53,69,16,49,36,0
2008,Littenweiler,169,67,102,131,38,119,50,13
2008,Ebnet,53,25,28,46,7,33,20,4
2008,Kappel,51,26,25,45,6,28,23,1
2008,Oberau,212,142,70,191,21,161,51,13
2008,Oberwiehre,163,75,88,134,29,104,59,7
2008,Mittelwiehre,69,38,31,58,11,35,34,4
2008,Unterwiehre-Nord,111,50,61,95,16,59,52,8
2008,Unterwiehre-Süd,254,134,120,174,80,191,63,21
2008,Günterstal,25,11,14,23,2,10,15,1
2008,Stühlinger-Beurbarung,141,74,67,82,59,108,33,5
2008,Stühlinger-Eschholz,226,121,105,166,59,152,74,14
2008,Alt-Stühlinger,437,253,184,295,141,325,112,21
2008,Mooswald-West,78,31,47,68,10,44,34,6
2008,Mooswald-Ost,197,122,75,147,50,149,48,14
2008,Betzenhausen-Bischofslinde,253,131,122,171,81,187,66,8
2008,Alt-Betzenhausen,163,84,79,126,37,114,49,12
2008,Landwasser,254,126,128,179,74,193,61,27
2008,Lehen,31,19,12,28,3,21,10,0
2008,Waltershofen,34,16,18,31,3,18,16,3
2008,Mundenhof,1,0,1,1,0,1,0,0
2008,Haslach-Egerten,262,160,102,192,70,191,71,14
2008,Haslach-Gartenstadt,391,230,161,280,110,296,95,22
2008,Haslach-Schildacker,42,24,18,31,11,37,5,6
2008,Haslach-Haid,159,93,66,133,26,122,37,12
2008,St. Georgen-Nord,196,93,103,146,49,131,65,14
2008,St. Georgen-Süd,26,11,15,25,1,14,12,0
2008,Opfingen,108,47,61,88,20,68,40,4
2008,Tiengen,79,36,43,63,16,50,29,10
2008,Munzingen,64,35,29,55,9,45,19,5
2008,Weingarten,697,336,361,481,215,583,114,52
2008,Rieselfeld,236,95,141,172,64,163,73,7
2009,Altstadt-Mitte,99,69,30,80,19,64,35,4
2009,Altstadt-Ring,97,61,36,79,18,74,23,5
2009,Neuburg,66,30,36,54,12,34,32,3
2009,Herdern-Süd,90,44,46,70,20,55,35,2
2009,Herdern-Nord,98,54,44,84,14,53,45,6
2009,Zähringen,205,124,81,158,46,119,86,11
2009,Brühl-Güterbahnhof,247,145,102,189,58,177,70,11
2009,Brühl-Industriegebiet,41,27,14,30,11,33,8,3
2009,Hochdorf,133,66,67,101,32,82,51,10
2009,Waldsee,91,41,50,79,12,49,42,2
2009,Littenweiler,152,75,77,120,32,103,49,1
2009,Ebnet,46,27,19,41,5,31,15,2
2009,Kappel,48,26,22,45,3,23,25,1
2009,Oberau,218,144,74,187,31,157,61,10
2009,Oberwiehre,152,73,79,131,21,95,57,4
2009,Mittelwiehre,65,35,30,57,8,28,37,6
2009,Unterwiehre-Nord,106,59,47,91,15,57,49,5
2009,Unterwiehre-Süd,218,125,93,149,69,155,63,5
2009,Günterstal,27,13,14,25,2,10,17,1
2009,Stühlinger-Beurbarung,134,72,62,89,44,109,25,3
2009,Stühlinger-Eschholz,200,118,82,156,44,128,72,9
2009,Alt-Stühlinger,418,273,145,288,127,310,108,24
2009,Mooswald-West,80,38,42,64,16,47,33,2
2009,Mooswald-Ost,183,122,61,131,52,150,33,10
2009,Betzenhausen-Bischofslinde,243,135,108,173,70,165,78,11
2009,Alt-Betzenhausen,139,71,68,109,30,89,50,6
2009,Landwasser,233,124,109,159,73,165,68,10
2009,Lehen,44,27,17,33,11,27,17,6
2009,Waltershofen,35,19,16,33,2,18,17,5
2009,Mundenhof,1,1,0,1,0,0,1,1
2009,Haslach-Egerten,235,137,98,171,64,171,64,13
2009,Haslach-Gartenstadt,350,217,133,243,104,269,81,18
2009,Haslach-Schildacker,43,31,12,29,14,35,8,3
2009,Haslach-Haid,142,76,66,118,24,104,38,13
2009,St. Georgen-Nord,186,95,91,148,37,105,81,7
2009,St. Georgen-Süd,42,19,23,39,3,23,19,0
2009,Opfingen,108,61,47,92,16,67,41,9
2009,Tiengen,66,39,27,55,11,38,28,8
2009,Munzingen,65,38,27,49,16,40,25,2
2009,Weingarten,667,340,327,433,233,520,147,25
2009,Rieselfeld,236,120,116,176,60,144,92,7
2009,Vauban,95,41,54,78,17,66,29,3
2010,Altstadt-Mitte,99,68,31,74,25,57,42,4
2010,Altstadt-Ring,111,63,48,89,22,79,32,3
2010,Neuburg,76,44,32,59,17,48,28,2
2010,Herdern-Süd,91,47,44,72,19,46,45,4
2010,Herdern-Nord,110,56,54,89,21,64,46,4
2010,Zähringen,201,118,83,141,58,127,74,5
2010,Brühl-Güterbahnhof,266,153,113,213,53,194,72,11
2010,Brühl-Industriegebiet,35,19,16,23,12,31,4,1
2010,Hochdorf,112,55,57,84,28,60,52,8
2010,Waldsee,98,47,51,85,13,52,46,3
2010,Littenweiler,151,58,93,127,23,100,51,5
2010,Ebnet,45,27,18,42,3,29,16,1
2010,Kappel,45,22,23,39,6,19,26,1
2010,Oberau,212,151,61,174,38,141,71,11
2010,Oberwiehre,145,69,76,118,27,93,52,3
2010,Mittelwiehre,74,42,32,64,10,38,36,2
2010,Unterwiehre-Nord,93,54,39,77,16,54,39,4
2010,Unterwiehre-Süd,232,127,105,173,59,172,60,6
2010,Günterstal,30,14,16,26,4,16,14,2
2010,Stühlinger-Beurbarung,126,64,62,87,39,103,23,4
2010,Stühlinger-Eschholz,182,103,79,131,51,122,60,11
2010,Alt-Stühlinger,396,238,158,279,116,301,95,19
2010,Mooswald-West,80,40,40,68,12,43,37,5
2010,Mooswald-Ost,167,102,65,124,43,141,26,5
2010,Betzenhausen-Bischofslinde,241,122,119,183,58,162,79,7
2010,Alt-Betzenhausen,171,89,82,129,42,115,56,5
2010,Landwasser,216,106,110,150,64,161,55,10
2010,Lehen,34,19,15,26,8,18,16,1
2010,Waltershofen,31,15,16,25,6,16,15,1
2010,Mundenhof,1,0,1,1,0,1,0,0
2010,Haslach-Egerten,274,174,100,186,88,212,62,13
2010,Haslach-Gartenstadt,378,226,152,255,120,292,86,16
2010,Haslach-Schildacker,50,33,17,34,16,43,7,3
2010,Haslach-Haid,154,87,67,124,30,110,44,9
2010,St. Georgen-Nord,207,117,90,165,41,127,80,15
2010,St. Georgen-Süd,35,20,15,30,5,16,19,2
2010,Opfingen,105,47,58,86,19,66,39,6
2010,Tiengen,56,29,27,44,12,29,27,6
2010,Munzingen,65,34,31,55,10,45,20,1
2010,Weingarten,621,315,306,405,216,512,109,28
2010,Rieselfeld,217,105,112,174,43,134,83,2
2010,Vauban,105,39,66,86,19,58,47,3
2011,Altstadt-Mitte,89,56,33,64,25,54,35,1
2011,Altstadt-Ring,98,63,35,70,28,71,27,2
2011,Neuburg,65,41,24,51,14,36,29,2
2011,Herdern-Süd,89,50,39,75,14,41,48,6
2011,Herdern-Nord,93,44,49,76,17,53,40,1
2011,Zähringen,189,99,90,135,53,115,74,10
2011,Brühl-Güterbahnhof,242,137,105,188,54,191,51,8
2011,Brühl-Industriegebiet,37,22,15,24,13,32,5,1
2011,Hochdorf,117,58,59,90,27,73,44,7
2011,Waldsee,82,42,40,66,16,48,34,1
2011,Littenweiler,138,65,73,107,31,93,45,2
2011,Ebnet,43,21,22,39,4,25,18,1
2011,Kappel,38,20,18,37,1,16,22,0
2011,Oberau,231,173,58,188,43,174,57,6
2011,Oberwiehre,139,56,83,110,28,89,50,3
2011,Mittelwiehre,64,41,23,54,10,41,23,2
2011,Unterwiehre-Nord,81,43,38,67,14,50,31,1
2011,Unterwiehre-Süd,217,124,93,147,70,154,63,9
2011,Günterstal,16,8,8,15,1,9,7,0
2011,Stühlinger-Beurbarung,119,52,67,82,37,97,22,5
2011,Stühlinger-Eschholz,159,88,71,126,33,103,56,4
2011,Alt-Stühlinger,394,248,146,275,119,313,81,23
2011,Mooswald-West,71,30,41,60,11,42,29,1
2011,Mooswald-Ost,178,117,61,123,55,147,31,10
2011,Betzenhausen-Bischofslinde,227,110,117,163,63,157,70,14
2011,Alt-Betzenhausen,150,89,61,118,32,106,44,2
2011,Landwasser,201,95,106,139,62,152,49,13
2011,Lehen,36,20,16,33,3,18,18,1
2011,Waltershofen,32,7,25,26,6,13,19,3
2011,Haslach-Egerten,231,141,90,163,68,181,50,5
2011,Haslach-Gartenstadt,372,223,149,252,118,292,80,10
2011,Haslach-Schildacker,41,23,18,26,15,33,8,0
2011,Haslach-Haid,138,72,66,112,26,108,30,6
2011,St. Georgen-Nord,201,110,91,167,33,115,86,12
2011,St. Georgen-Süd,26,17,9,23,3,11,15,1
2011,Opfingen,91,46,45,70,21,64,27,3
2011,Tiengen,51,34,17,42,9,25,26,0
2011,Munzingen,75,42,33,63,12,50,25,4
2011,Weingarten,621,308,313,393,226,531,90,23
2011,Rieselfeld,212,99,113,151,61,134,78,5
2011,Vauban,111,44,67,92,19,60,51,2
2012,Altstadt-Mitte,104,71,33,80,24,55,49,6
2012,Altstadt-Ring,97,64,33,69,28,61,36,3
2012,Neuburg,82,49,33,65,17,35,47,3
2012,Herdern-Süd,100,55,45,75,25,51,49,6
2012,Herdern-Nord,105,56,49,88,17,54,51,3
2012,Zähringen,203,107,96,156,46,110,93,9
2012,Brühl-Güterbahnhof,248,147,101,182,66,184,64,7
2012,Brühl-Industriegebiet,47,34,13,34,13,40,7,4
2012,Hochdorf,131,73,58,98,33,89,42,9
2012,Waldsee,82,35,47,63,19,45,37,0
2012,Littenweiler,155,77,78,114,41,103,52,10
2012,Ebnet,42,21,21,37,5,28,14,0
2012,Kappel,36,17,19,33,3,16,20,3
2012,Oberau,143,77,66,125,18,84,59,3
2012,Oberwiehre,158,76,82,136,22,100,58,1
2012,Mittelwiehre,95,52,43,85,9,43,52,3
2012,Unterwiehre-Nord,93,47,46,79,14,50,43,5
2012,Unterwiehre-Süd,227,121,106,159,67,166,61,5
2012,Günterstal,29,14,15,26,3,13,16,0
2012,Stühlinger-Beurbarung,135,66,69,93,41,111,24,4
2012,Stühlinger-Eschholz,174,105,69,140,34,119,55,2
2012,Alt-Stühlinger,439,249,190,296,142,328,111,21
2012,Mooswald-West,73,39,34,60,13,54,19,5
2012,Mooswald-Ost,164,104,60,120,43,135,29,6
2012,Betzenhausen-Bischofslinde,235,124,111,160,73,167,68,9
2012,Alt-Betzenhausen,160,91,69,131,29,104,56,4
2012,Landwasser,245,137,108,163,81,186,59,14
2012,Lehen,46,29,17,39,7,23,23,5
2012,Waltershofen,36,20,16,29,7,16,20,1
2012,Mundenhof,1,1,0,1,0,1,0,0
2012,Haslach-Egerten,395,295,100,284,111,341,54,13
2012,Haslach-Gartenstadt,400,242,158,268,130,316,84,20
2012,Haslach-Schildacker,48,34,14,35,13,39,9,0
2012,Haslach-Haid,144,77,67,120,24,101,43,8
2012,St. Georgen-Nord,224,118,106,180,43,133,91,8
2012,St. Georgen-Süd,34,18,16,31,2,16,18,0
2012,Opfingen,101,43,58,78,23,59,42,5
2012,Tiengen,59,38,21,46,13,30,29,5
2012,Munzingen,73,43,30,60,13,47,26,7
2012,Weingarten,622,302,320,396,224,514,108,18
2012,Rieselfeld,238,118,120,182,56,159,79,12
2012,Vauban,103,48,55,86,17,56,47,0
2013,Altstadt-Mitte,110,68,42,77,32,71,39,5
2013,Altstadt-Ring,109,63,46,79,30,70,39,0
2013,Neuburg,76,40,36,58,18,41,35,0
2013,Herdern-Süd,123,65,58,95,28,56,67,4
2013,Herdern-Nord,93,43,50,73,20,50,43,6
2013,Zähringen,209,110,99,168,39,121,88,11
2013,Brühl-Güterbahnhof,266,160,106,190,76,202,64,4
2013,Brühl-Industriegebiet,45,33,12,33,12,35,10,0
2013,Hochdorf,127,68,59,97,30,82,45,7
2013,Waldsee,80,35,45,68,12,48,32,0
2013,Littenweiler,150,71,79,125,25,97,53,2
2013,Ebnet,57,32,25,49,8,34,23,0
2013,Kappel,46,27,19,38,8,23,23,0
2013,Oberau,143,93,50,116,27,78,65,6
2013,Oberwiehre,181,94,87,152,29,108,73,3
2013,Mittelwiehre,80,40,40,68,12,41,39,0
2013,Unterwiehre-Nord,112,51,61,92,20,54,58,0
2013,Unterwiehre-Süd,230,138,92,165,65,155,75,11
2013,Günterstal,37,23,14,32,5,22,15,0
2013,Stühlinger-Beurbarung,143,75,68,90,53,116,27,5
2013,Stühlinger-Eschholz,161,90,71,120,40,106,55,8
2013,Alt-Stühlinger,463,285,178,314,148,367,96,15
2013,Mooswald-West,81,41,40,62,19,54,27,7
2013,Mooswald-Ost,197,122,75,153,44,145,52,7
2013,Betzenhausen-Bischofslinde,262,141,121,164,97,191,71,9
2013,Alt-Betzenhausen,154,81,73,120,34,106,48,5
2013,Landwasser,227,125,102,145,81,183,44,11
2013,Lehen,50,37,13,44,6,28,22,2
2013,Waltershofen,41,21,20,36,5,20,21,0
2013,Haslach-Egerten,385,280,105,262,123,297,88,16
2013,Haslach-Gartenstadt,427,260,167,280,146,337,90,21
2013,Haslach-Schildacker,47,32,15,33,14,39,8,0
2013,Haslach-Haid,155,91,64,121,34,107,48,12
2013,St. Georgen-Nord,234,134,100,181,52,127,107,13
2013,St. Georgen-Süd,26,7,19,23,3,11,15,0
2013,Opfingen,110,60,50,81,29,70,40,5
2013,Tiengen,65,38,27,52,13,31,34,2
2013,Munzingen,63,34,29,55,8,39,24,5
2013,Weingarten,713,340,373,424,287,605,108,31
2013,Rieselfeld,227,114,113,156,71,153,74,8
2013,Vauban,105,40,65,89,16,66,39,2
2014,Altstadt-Mitte,124,77,47,75,49,73,51,5
2014,Altstadt-Ring,106,64,42,70,36,64,42,6
2014,Neuburg,81,43,38,57,24,45,36,5
2014,Herdern-Süd,99,60,39,75,24,50,49,0
2014,Herdern-Nord,102,46,56,78,24,45,57,0
2014,Zähringen,197,121,76,144,50,118,79,8
2014,Brühl-Güterbahnhof,260,153,107,200,60,194,66,9
2014,Brühl-Industriegebiet,47,30,17,29,18,42,5,0
2014,Brühl-Beurbarung,144,75,69,88,56,118,26,7
2014,Hochdorf,138,74,64,109,29,87,51,8
2014,Waldsee,80,40,40,62,18,48,32,0
2014,Littenweiler,134,72,62,102,32,89,45,5
2014,Ebnet,52,25,27,46,6,30,22,2
2014,Kappel,48,24,24,40,8,24,24,2
2014,Oberau,163,91,72,130,33,100,63,5
2014,Oberwiehre,172,83,89,141,31,91,81,6
2014,Mittelwiehre,77,46,31,61,16,43,34,2
2014,Unterwiehre-Nord,103,50,53,88,15,46,57,0
2014,Unterwiehre-Süd,212,125,87,160,52,142,70,9
2014,Günterstal,32,21,11,27,5,16,16,0
2014,Stühlinger-Eschholz,166,100,66,124,40,105,61,11
2014,Alt-Stühlinger,473,280,193,331,141,366,107,24
2014,Mooswald-West,90,49,41,67,23,62,28,3
2014,Mooswald-Ost,195,126,69,139,56,145,50,9
2014,Betzenhausen-Bischofslinde,219,118,101,142,76,144,75,0
2014,Alt-Betzenhausen,143,82,61,116,27,97,46,0
2014,Landwasser,235,123,112,149,85,180,55,18
2014,Lehen,33,22,11,25,8,20,13,0
2014,Waltershofen,40,17,23,34,6,20,20,0
2014,Mundenhof,0,0,0,0,0,1,0,0
2014,Haslach-Egerten,384,279,105,258,126,299,85,12
2014,Haslach-Gartenstadt,423,270,153,276,145,330,93,20
2014,Haslach-Schildacker,44,32,12,33,11,31,13,0
2014,Haslach-Haid,158,85,73,123,35,120,38,6
2014,St. Georgen-Nord,199,122,77,142,56,120,79,7
2014,St. Georgen-Süd,41,17,24,37,4,22,19,0
2014,Opfingen,84,44,40,69,15,53,31,3
2014,Tiengen,57,30,27,45,12,31,26,8
2014,Munzingen,80,41,39,62,18,55,25,3
2014,Weingarten,686,332,354,404,282,592,94,30
2014,Rieselfeld,216,98,118,157,59,147,69,13
2014,Vauban,90,43,47,72,18,60,30,3
2015,Altstadt-Mitte,112,69,43,74,38,73,39,4
2015,Altstadt-Ring,101,52,49,69,32,61,40,0
2015,Neuburg,87,48,39,58,29,43,44,5
2015,Herdern-Süd,117,58,59,98,19,56,61,5
2015,Herdern-Nord,110,62,48,92,18,54,56,0
2015,Zähringen,200,113,87,143,55,130,70,11
2015,Brühl-Güterbahnhof,286,178,108,214,72,198,88,8
2015,Brühl-Industriegebiet,49,30,19,28,21,45,4,2
2015,Brühl-Beurbarung,152,81,71,97,55,130,22,7
2015,Hochdorf,146,77,69,104,42,91,55,9
2015,Waldsee,98,51,47,82,16,56,42,2
2015,Littenweiler,154,79,75,118,35,101,53,6
2015,Ebnet,55,32,23,49,0,37,18,2
2015,Kappel,43,20,23,36,7,19,24,0
2015,Oberau,166,91,75,135,31,96,70,6
2015,Oberwiehre,172,87,85,145,27,104,68,7
2015,Mittelwiehre,76,41,35,65,11,37,39,2
2015,Unterwiehre-Nord,96,51,45,76,20,57,39,5
2015,Unterwiehre-Süd,228,131,97,161,67,145,83,9
2015,Günterstal,44,22,22,39,5,25,19,0
2015,Stühlinger-Eschholz,159,87,72,119,40,102,57,6
2015,Alt-Stühlinger,481,297,184,316,163,373,108,20
2015,Mooswald-West,98,52,46,73,24,64,34,0
2015,Mooswald-Ost,233,151,82,157,76,172,61,10
2015,Betzenhausen-Bischofslinde,264,136,128,163,100,180,84,9
2015,Alt-Betzenhausen,157,92,65,120,37,99,58,4
2015,Landwasser,256,130,126,159,97,195,61,11
2015,Lehen,36,22,14,30,6,25,11,3
2015,Waltershofen,48,22,26,42,6,21,27,4
2015,Mundenhof,0,0,0,0,0,0,1,0
2015,Haslach-Egerten,399,274,125,264,135,312,87,12
2015,Haslach-Gartenstadt,452,272,180,287,164,354,98,18
2015,Haslach-Schildacker,44,28,16,30,14,40,4,0
2015,Haslach-Haid,157,88,69,126,31,124,33,13
2015,St. Georgen-Nord,231,139,92,169,61,137,94,12
2015,St. Georgen-Süd,33,18,15,31,0,13,20,2
2015,Opfingen,100,57,43,82,18,60,40,3
2015,Tiengen,80,41,39,61,19,40,40,5
2015,Munzingen,75,40,35,60,15,58,17,0
2015,Weingarten,695,345,350,418,274,607,88,30
2015,Rieselfeld,233,102,131,156,77,147,86,10
2015,Vauban,114,48,66,91,23,68,46,0
2016,Altstadt-Mitte,120,76,44,78,42,70,50,3
2016,Altstadt-Ring,88,51,37,60,28,52,36,0
2016,Neuburg,88,46,42,57,31,41,47,3
2016,Herdern-Süd,110,53,57,86,24,55,55,4
2016,Herdern-Nord,105,49,56,81,24,51,54,4
2016,Zähringen,196,106,90,141,54,105,91,14
2016,Brühl-Güterbahnhof,224,139,85,165,59,166,58,0
2016,Brühl-Industriegebiet,76,55,21,44,32,65,11,4
2016,Brühl-Beurbarung,130,68,62,86,44,98,32,6
2016,Hochdorf,127,66,61,86,41,91,36,7
2016,Waldsee,86,49,37,68,18,47,39,0
2016,Littenweiler,159,89,70,105,53,104,55,8
2016,Ebnet,47,26,21,36,11,26,21,3
2016,Kappel,43,23,20,35,8,16,27,0
2016,Oberau,152,78,74,116,36,96,56,7
2016,Oberwiehre,154,69,85,133,21,81,73,5
2016,Mittelwiehre,79,44,35,63,16,41,38,0
2016,Unterwiehre-Nord,102,61,41,75,27,51,51,3
2016,Unterwiehre-Süd,230,134,96,152,77,168,62,8
2016,Günterstal,48,29,19,40,8,26,22,0
2016,Stühlinger-Eschholz,148,89,59,113,35,86,62,5
2016,Alt-Stühlinger,437,262,175,294,142,342,95,34
2016,Mooswald-West,76,50,26,56,20,49,27,4
2016,Mooswald-Ost,222,132,90,148,74,182,40,11
2016,Betzenhausen-Bischofslinde,210,108,102,132,77,134,76,15
2016,Alt-Betzenhausen,147,78,69,111,36,91,56,7
2016,Landwasser,239,123,116,152,86,175,64,14
2016,Lehen,41,24,17,27,14,21,20,4
2016,Waltershofen,41,24,17,32,9,24,17,5
2016,Haslach-Egerten,415,299,116,286,129,329,86,14
2016,Haslach-Gartenstadt,377,219,158,232,144,289,88,16
2016,Haslach-Schildacker,42,29,13,26,16,34,8,0
2016,Haslach-Haid,146,78,68,113,33,113,33,11
2016,St. Georgen-Nord,228,142,86,167,61,132,96,14
2016,St. Georgen-Süd,35,17,18,30,0,17,18,0
2016,Opfingen,76,43,33,67,9,43,33,0
2016,Tiengen,67,41,26,36,31,46,21,5
2016,Munzingen,70,37,33,57,13,46,24,3
2016,Weingarten,680,344,336,416,264,574,106,58
2016,Rieselfeld,236,120,116,164,72,152,84,6
2016,Vauban,101,50,51,84,17,59,42,4
2017,Altstadt-Mitte,119,82,37,77,42,71,48,7
2017,Altstadt-Ring,73,45,28,49,24,42,31,9
2017,Neuburg,60,29,31,45,15,30,30,3
2017,Herdern-Süd,106,49,57,76,30,51,55,9
2017,Herdern-Nord,94,48,46,72,22,45,49,2
2017,Zähringen,198,103,95,145,52,110,88,12
2017,Brühl-Güterbahnhof,234,144,90,163,71,148,86,14
2017,Brühl-Industriegebiet,74,51,23,46,28,64,10,3
2017,Brühl-Beurbarung,137,67,70,89,48,107,30,10
2017,Hochdorf,130,71,59,86,44,80,50,6
2017,Waldsee,89,36,53,71,18,50,39,0
2017,Littenweiler,132,68,64,95,37,71,61,5
2017,Ebnet,40,23,17,33,7,25,15,0
2017,Kappel,46,25,21,40,6,16,30,3
2017,Oberau,139,72,67,106,33,69,70,11
2017,Oberwiehre,144,69,75,124,20,75,69,8
2017,Mittelwiehre,85,49,36,71,14,40,45,6
2017,Unterwiehre-Nord,94,57,37,74,19,48,46,4
2017,Unterwiehre-Süd,217,128,89,140,77,147,70,16
2017,Günterstal,28,13,15,27,0,15,13,0
2017,Stühlinger-Eschholz,129,77,52,97,32,65,64,5
2017,Alt-Stühlinger,377,228,149,260,116,271,106,34
2017,Mooswald-West,76,46,30,54,22,48,28,6
2017,Mooswald-Ost,215,117,98,141,74,152,63,12
2017,Betzenhausen-Bischofslinde,203,91,112,140,61,128,75,8
2017,Alt-Betzenhausen,141,82,59,107,34,85,56,7
2017,Landwasser,191,90,101,110,81,141,50,10
2017,Lehen,41,26,15,32,8,21,20,2
2017,Waltershofen,36,13,23,33,0,19,17,0
2017,Haslach-Egerten,366,276,90,246,120,291,75,12
2017,Haslach-Gartenstadt,327,196,131,196,130,244,83,18
2017,Haslach-Schildacker,38,22,16,24,14,30,8,4
2017,Haslach-Haid,147,82,65,114,33,106,41,15
2017,St. Georgen-Nord,216,141,75,153,63,119,97,16
2017,St. Georgen-Süd,27,16,11,23,0,15,12,0
2017,Opfingen,76,41,35,54,21,42,34,0
2017,Tiengen,68,40,28,39,29,43,25,6
2017,Munzingen,76,42,34,55,21,40,36,4
2017,Weingarten,678,342,336,420,255,560,118,64
2017,Rieselfeld,200,102,98,135,65,117,83,17
2017,Vauban,91,35,56,76,15,49,42,4
2018,Altstadt-Mitte,123,86,37,77,46,60,63,0
2018,Altstadt-Ring,74,43,31,43,31,46,28,0
2018,Neuburg,75,44,31,55,20,27,48,0
2018,Herdern-Süd,102,48,54,87,15,43,59,0
2018,Herdern-Nord,99,49,50,80,19,38,61,0
2018,Zähringen,217,124,93,155,60,122,95,11
2018,Brühl-Güterbahnhof,226,147,79,171,54,133,93,15
2018,Brühl-Industriegebiet,67,50,17,37,28,58,0,0
2018,Brühl-Beurbarung,119,59,60,84,35,94,25,11
2018,Hochdorf,115,55,60,74,41,71,44,10
2018,Waldsee,88,46,42,74,14,49,39,0
2018,Littenweiler,146,78,68,95,51,85,61,0
2018,Ebnet,35,17,18,29,0,18,17,0
2018,Kappel,34,18,16,25,0,13,21,0
2018,Oberau,131,67,64,108,23,68,63,0
2018,Oberwiehre,151,73,78,121,30,80,71,0
2018,Mittelwiehre,77,43,34,64,13,35,42,0
2018,Unterwiehre-Nord,91,52,39,77,14,33,58,11
2018,Unterwiehre-Süd,229,141,88,141,88,160,69,12
2018,Günterstal,28,13,15,24,0,14,14,0
2018,Stühlinger-Eschholz,143,79,64,107,36,76,67,0
2018,Alt-Stühlinger,404,263,141,269,135,288,116,31
2018,Mooswald-West,70,48,22,54,16,42,28,0
2018,Mooswald-Ost,192,110,82,121,70,131,61,0
2018,Betzenhausen-Bischofslinde,182,87,95,111,69,125,57,0
2018,Alt-Betzenhausen,96,55,41,70,26,56,40,0
2018,Landwasser,206,103,103,130,75,133,73,17
2018,Lehen,37,28,0,28,0,18,19,0
2018,Waltershofen,30,16,14,26,0,13,17,0
2018,Haslach-Egerten,347,242,105,230,117,262,85,19
2018,Haslach-Gartenstadt,350,215,135,222,125,257,93,21
2018,Haslach-Schildacker,40,25,15,30,10,28,12,0
2018,Haslach-Haid,143,82,61,107,36,104,39,13
2018,St. Georgen-Nord,179,100,79,134,44,83,96,13
2018,St. Georgen-Süd,23,13,10,20,0,14,0,0
2018,Opfingen,71,29,42,52,18,41,30,0
2018,Tiengen,62,34,28,32,30,39,23,0
2018,Munzingen,69,34,35,53,16,40,29,0
2018,Weingarten,618,329,289,373,241,492,126,57
2018,Rieselfeld,189,101,88,136,53,102,87,21
2018,Vauban,91,35,56,76,15,47,44,0
2019,Altstadt-Mitte,118,78,40,86,32,61,57,0
2019,Altstadt-Ring,76,40,36,48,28,38,38,0
2019,Neuburg,83,47,36,60,23,34,49,0
2019,Herdern-Süd,99,46,53,66,33,46,53,0
2019,Herdern-Nord,103,58,45,72,31,53,50,0
2019,Zähringen,230,127,103,160,70,121,109,0
2019,Brühl-Güterbahnhof,246,150,96,188,57,146,100,19
2019,Brühl-Industriegebiet,71,52,19,38,33,61,10,0
2019,Brühl-Beurbarung,125,58,67,85,40,91,34,0
2019,Hochdorf,112,60,52,71,41,68,44,0
2019,Waldsee,82,40,42,69,13,45,37,0
2019,Littenweiler,161,82,79,97,64,96,65,0
2019,Ebnet,44,26,18,39,0,20,24,0
2019,Kappel,45,23,22,35,10,19,26,0
2019,Oberau,137,86,51,117,20,61,76,10
2019,Oberwiehre,148,78,70,122,26,75,73,0
2019,Mittelwiehre,76,40,36,62,14,32,44,0
2019,Unterwiehre-Nord,102,59,43,80,21,49,53,0
2019,Unterwiehre-Süd,192,108,84,128,64,121,71,0
2019,Günterstal,36,24,12,29,0,21,15,0
2019,Stühlinger-Eschholz,133,80,53,98,35,70,63,0
2019,Alt-Stühlinger,402,259,143,274,128,279,123,34
2019,Mooswald-West,79,43,36,59,20,41,38,0
2019,Mooswald-Ost,205,118,87,134,71,147,58,11
2019,Betzenhausen-Bischofslinde,230,121,109,142,88,148,82,16
2019,Alt-Betzenhausen,130,71,59,92,38,71,59,0
2019,Landwasser,206,104,102,125,80,141,65,11
2019,Lehen,36,26,10,32,0,16,20,0
2019,Waltershofen,27,15,12,18,0,0,21,0
2019,Haslach-Egerten,346,234,112,222,122,234,112,14
2019,Haslach-Gartenstadt,330,220,110,196,132,240,90,27
2019,Haslach-Schildacker,27,14,13,19,0,20,0,0
2019,Haslach-Haid,150,89,61,118,32,112,38,12
2019,St. Georgen-Nord,216,126,90,148,68,111,105,18
2019,St. Georgen-Süd,28,16,12,22,0,13,15,0
2019,Opfingen,93,49,44,65,28,54,39,0
2019,Tiengen,55,27,28,28,27,33,22,0
2019,Munzingen,57,32,25,44,12,34,23,0
2019,Weingarten,652,345,307,407,243,514,138,61
2019,Rieselfeld,191,99,92,132,59,100,91,0
2019,Vauban,82,40,42,68,14,35,47,0
2020,Altstadt-Mitte,144,93,51,106,38,77,67,0
2020,Altstadt-Ring,88,46,42,59,29,44,44,13
2020,Neuburg,101,64,37,70,30,45,56,0
2020,Herdern-Süd,130,58,72,97,33,52,78,0
2020,Herdern-Nord,129,63,66,96,33,56,73,0
2020,Zähringen,248,135,113,177,70,142,106,17
2020,Brühl-Güterbahnhof,305,184,121,226,79,171,134,18
2020,Brühl-Industriegebiet,81,52,29,36,45,63,18,0
2020,Brühl-Beurbarung,137,60,77,87,50,105,32,0
2020,Hochdorf,140,85,55,103,37,72,68,15
2020,Waldsee,106,47,59,89,17,48,58,11
2020,Littenweiler,183,85,98,111,72,104,79,14
2020,Ebnet,53,28,25,48,0,20,33,0
2020,Kappel,54,23,31,45,0,19,35,0
2020,Oberau,156,92,64,128,28,70,86,14
2020,Oberwiehre,172,82,90,146,26,82,90,0
2020,Mittelwiehre,93,49,44,72,21,40,53,0
2020,Unterwiehre-Nord,128,73,55,103,25,45,83,0
2020,Unterwiehre-Süd,271,172,99,186,85,168,103,19
2020,Günterstal,31,17,14,25,0,17,14,0
2020,Stühlinger-Eschholz,164,91,73,117,47,78,86,0
2020,Alt-Stühlinger,476,289,187,330,146,327,149,41
2020,Mooswald-West,118,68,50,86,32,53,65,0
2020,Mooswald-Ost,221,129,92,150,71,158,63,13
2020,Betzenhausen-Bischofslinde,254,126,128,167,86,163,91,19
2020,Alt-Betzenhausen,153,93,60,111,42,88,65,0
2020,Landwasser,240,120,120,149,90,150,90,12
2020,Lehen,53,28,25,43,10,29,24,0
2020,Waltershofen,42,25,17,36,0,11,31,0
2020,Haslach-Egerten,420,279,141,296,124,281,139,27
2020,Haslach-Gartenstadt,368,217,151,233,134,263,105,21
2020,Haslach-Schildacker,51,28,23,29,22,36,15,0
2020,Haslach-Haid,174,108,66,128,46,119,55,24
2020,St. Georgen-Nord,264,158,106,178,86,142,122,22
2020,St. Georgen-Süd,33,18,15,25,0,14,19,0
2020,Opfingen,107,47,60,73,34,55,52,12
2020,Tiengen,77,48,29,43,34,43,34,0
2020,Munzingen,73,42,31,55,17,48,25,0
2020,Weingarten,683,359,324,414,265,529,154,53
2020,Rieselfeld,239,131,108,156,83,125,114,18
2020,Vauban,102,53,49,84,18,50,52,0
2021,Altstadt-Mitte,108,64,44,74,34,65,43,10
2021,Altstadt-Ring,56,37,19,42,14,29,27,0
2021,Neuburg,75,42,33,57,18,36,39,0
2021,Herdern-Süd,95,39,56,63,32,45,50,0
2021,Herdern-Nord,114,54,60,81,33,54,60,0
2021,Zähringen,223,127,96,146,77,141,82,0
2021,Brühl-Güterbahnhof,247,149,98,173,74,159,88,10
2021,Brühl-Industriegebiet,61,46,15,28,33,53,0,0
2021,Brühl-Beurbarung,123,64,59,75,48,94,29,10
2021,Hochdorf,110,55,55,78,32,69,41,0
2021,Waldsee,80,42,38,65,15,41,39,0
2021,Littenweiler,157,83,74,93,64,98,59,12
2021,Ebnet,34,15,19,32,0,15,19,0
2021,Kappel,55,27,28,45,10,24,31,0
2021,Oberau,127,78,49,102,25,68,59,0
2021,Oberwiehre,139,69,70,109,30,64,75,0
2021,Mittelwiehre,78,44,34,63,15,48,30,0
2021,Unterwiehre-Nord,107,58,49,91,16,51,56,0
2021,Unterwiehre-Süd,233,166,67,153,80,161,72,23
2021,Günterstal,23,12,11,23,0,11,12,0
2021,Stühlinger-Eschholz,155,89,66,103,52,73,82,0
2021,Alt-Stühlinger,375,228,147,262,113,270,105,24
2021,Mooswald-West,88,55,33,66,22,52,36,0
2021,Mooswald-Ost,196,115,81,123,73,153,43,0
2021,Betzenhausen-Bischofslinde,230,119,111,146,84,151,79,14
2021,Alt-Betzenhausen,136,78,58,104,32,85,51,0
2021,Landwasser,202,105,97,113,89,149,53,11
2021,Lehen,46,27,19,38,0,26,20,0
2021,Waltershofen,23,0,15,21,0,0,15,0
2021,Haslach-Egerten,360,230,130,233,127,271,89,21
2021,Haslach-Gartenstadt,343,200,143,209,134,254,89,24
2021,Haslach-Schildacker,49,26,23,30,19,34,15,0
2021,Haslach-Haid,164,100,64,126,38,120,44,19
2021,St. Georgen-Nord,239,136,103,155,84,162,77,18
2021,St. Georgen-Süd,28,0,19,23,0,11,17,0
2021,Opfingen,78,41,37,59,19,52,26,0
2021,Tiengen,83,51,32,48,35,56,27,0
2021,Munzingen,70,39,31,51,19,47,23,0
2021,Weingarten,630,331,299,370,260,510,120,43
2021,Rieselfeld,199,105,94,138,61,122,77,15
2021,Vauban,78,35,43,64,14,48,30,0
